7.3 4.8 91.5 66.8 47.1 31.8 0.0 110.8 28.5 20.1 6.4 64.6 
56.8 30.4 74.2 66.3 87.8 41.3 36.7 124.3 56.0 281.1 88.5 21.3 
25.8 26.3 36.5 31.9 21.4 37.6 50.7 2.4 77.1 48.8 49.0 14.3 
0.2 14.3 30.7 24.5 34.4 123.6 52.6 13.3 135.3 151.2 0.7 12.3 
37.6 46.7 80.2 82.9 122.0 55.4 48.3 7.6 57.0 4.1 8.4 29.7 
94.9 47.0 45.0 9.0 3.3 72.2 32.4 54.2 60.2 87.4 10.1 31.2 
14.5 17.4 83.9 57.1 68.4 24.7 7.4 60.8 10.2 65.2 89.2 15.1 
2.2 16.7 1.6 94.4 56.0 46.8 37.8 46.1 24.8 79.9 72.3 35.3 
50.4 0.0 26.6 47.4 16.5 31.1 61.5 20.7 16.8 33.0 63.8 98.1 
1.8 71.8 135.1 8.9 143.2 45.0 38.0 10.2 284.5 140.4 52.0 32.9 
21.6 34.8 89.6 15.6 3.6 50.9 45.4 56.1 62.3 103.4 16.1 83.3 
51.9 0.4 8.0 30.8 39.6 24.2 24.4 34.5 108.3 13.4 78.2 3.4 
57.3 77.2 52.0 60.5 77.4 10.5 7.3 3.4 149.9 93.9 170.7 78.9 
127.9 43.6 11.6 56.7 16.1 72.5 17.7 88.4 173.3 55.3 78.1 49.6 
9.0 75.9 57.1 39.0 26.4 30.2 1.9 58.9 59.6 17.6 39.1 67.2 
15.9 32.6 30.1 40.2 14.1 7.4 28.7 16.2 55.3 285.1 41.8 18.6 
29.9 44.2 13.7 76.7 57.1 21.7 51.4 62.6 43.5 134.1 28.2 0.0 
21.0 26.0 42.6 71.0 37.6 42.9 1.2 58.4 25.0 113.8 110.4 20.4 
1.9 35.9 33.7 45.7 45.0 95.5 5.5 85.4 17.6 0.8 159.6 51.5 
27.4 31.6 92.7 153.7 21.5 26.6 17.0 51.4 122.9 138.5 44.4 35.8 
29.2 0.0 38.4 19.7 79.6 6.1 13.9 25.8 2.0 132.0 32.4 109.0 
19.4 5.6 69.1 97.5 75.5 41.7 41.6 25.0 121.3 141.1 119.1 365.8 
87.4 36.8 49.1 76.5 138.9 71.1 6.2 75.9 121.2 65.8 29.5 37.1 
15.2 3.7 24.4 54.3 43.9 56.3 5.7 49.6 77.4 4.9 16.0 105.2 
6.4 33.6 110.0 81.8 71.9 39.3 8.5 93.7 61.0 48.7 4.3 0.0 
32.1 42.4 52.7 43.1 67.7 48.9 7.2 115.7 70.0 14.5 4.7 50.4 
6.7 81.9 10.2 26.3 33.6 40.9 121.2 196.2 36.6 41.0 23.4 90.8 
81.0 7.0 49.2 56.7 235.1 95.9 77.4 13.5 16.1 46.9 71.3 65.8 
31.7 24.4 64.7 118.5 23.8 45.5 19.9 6.3 67.0 64.5 0.4 38.2 
262.4 12.4 23.7 17.9 35.2 12.7 7.5 20.3 92.8 210.5 31.5 37.0 
18.4 48.9 20.9 44.1 112.2 76.3 16.9 72.0 21.1 25.4 71.2 11.5 
55.9 49.9 51.1 58.2 43.9 60.9 45.5 72.7 35.6 15.8 0.0 18.8 
57.0 163.8 125.1 9.3 12.0 17.7 30.5 95.8 10.9 64.0 122.4 5.4 
0.0 72.7 22.6 3.4 27.7 37.5 0.6 63.4 17.5 86.7 330.4 16.2 
15.5 40.9 161.0 19.5 146.9 35.3 1.7 83.1 46.3 10.6 95.5 13.4 
17.7 15.9 17.5 55.0 85.4 21.2 16.4 2.0 2.9 145.2 67.5 17.2 
92.5 25.0 28.2 93.0 42.1 11.9 29.6 26.9 84.4 78.7 18.0 55.2 
66.8 128.5 25.5 12.8 48.4 3.1 76.5 23.1 68.4 325.4 105.1 98.7 
143.1 0.0 7.8 75.2 80.3 40.1 2.0 28.3 75.8 56.0 152.8 0.0 
4.2 13.7 31.3 80.3 27.3 29.0 3.7 65.6 59.9 17.9 135.8 30.5 
13.7 0.0 23.1 83.3 72.2 45.9 8.0 26.6 57.7 173.7 76.0 17.9 
41.8 69.6 93.8 41.8 148.1 5.6 4.8 67.3 39.1 74.5 64.9 168.0 
47.5 8.7 26.7 26.3 103.1 162.3 61.4 45.4 24.2 70.5 0.3 18.9 
0.0 25.2 96.2 98.5 25.0 8.4 21.6 59.1 248.1 63.2 31.3 0.0 
15.4 48.2 59.0 42.4 42.2 44.6 0.3 4.9 272.5 156.7 49.9 9.6 
9.4 12.6 7.2 35.4 24.5 30.3 4.8 68.7 142.2 18.8 65.8 84.4 
128.0 27.6 55.9 119.5 68.4 89.2 1.0 43.4 73.4 110.9 137.1 128.0 
152.1 0.2 5.2 62.3 10.0 60.7 26.3 24.9 26.5 32.4 52.9 118.5 
85.0 6.4 8.3 14.8 13.6 9.6 4.1 49.8 87.3 71.0 9.6 125.6 
49.0 0.4 14.4 29.0 35.6 15.6 10.5 5.3 171.7 116.1 61.6 12.2 
26.6 1.1 47.5 80.4 85.4 17.2 1.9 13.7 56.4 61.1 13.9 63.9 
84.2 21.0 17.1 34.0 31.9 3.0 80.4 16.4 48.7 36.8 67.8 31.0 
46.3 20.3 85.7 113.6 122.9 37.4 125.9 97.7 33.6 161.9 65.7 52.5 
24.6 154.5 15.8 16.5 52.9 0.0 4.3 31.4 97.9 150.8 16.6 36.0 
2.6 107.1 68.2 128.9 36.6 14.5 32.1 12.0 71.1 27.9 9.8 77.6 
0.0 55.6 18.3 14.1 33.3 11.5 7.8 41.7 105.6 127.1 140.3 3.1 
150.4 19.1 18.2 7.2 3.0 1.5 0.1 43.7 154.1 37.9 1.5 37.9 
6.2 35.3 19.3 119.6 36.3 0.0 0.7 91.7 9.9 157.9 1.0 15.7 
29.8 36.5 25.6 24.3 120.9 36.9 55.9 11.8 25.8 83.2 51.6 96.8 
68.9 41.5 74.1 88.8 15.0 6.8 45.0 0.4 29.3 103.8 4.8 45.9 
62.4 95.9 76.9 24.1 154.1 35.7 13.0 24.5 95.5 91.5 14.2 32.8 
41.6 24.4 185.2 18.4 89.1 109.4 104.8 0.8 7.3 81.4 203.1 0.0 
4.8 11.1 33.0 83.2 33.4 2.9 21.9 17.4 81.6 145.9 38.8 5.7 
32.5 35.7 137.0 90.4 67.4 19.0 14.9 5.0 22.6 28.8 110.5 16.2 
43.0 22.8 30.0 76.5 50.8 27.8 85.0 25.1 155.6 10.2 143.0 22.6 
13.5 11.3 48.0 12.5 53.2 10.8 26.2 41.0 60.7 29.6 38.7 0.3 
1.1 39.9 44.2 68.1 28.7 19.4 16.9 17.6 95.7 75.8 38.5 34.3 
32.0 31.2 136.4 48.1 20.4 25.9 7.2 17.4 53.3 128.2 15.2 3.1 
63.6 104.6 112.5 83.0 30.3 53.1 51.5 36.5 44.4 201.9 201.8 4.8 
18.2 4.6 0.3 36.2 109 19.3 75.8 23.1 71.5 83.2 39.4 119.2 
89.3 2.8 61.6 258.7 29.2 69.1 23.1 12.4 60.2 23.1 52.5 41.5 
26.2 26.5 7.7 62.7 13.4 7.8 9.0 8.3 23.3 63.0 75.9 3.8 
